540193516
941636353
565346598
1253492666
618125656
210944655
312012637
548380210
751523236
1393936504
677576477
1210512126
1339605144
337071102
1026025051
809693517
731588749
119235888
194916494
400975637
682324192
720795903
1310202419
1095255338
1202534302
835122012
959460023
903346049
1008850572
493385327
877745038
865296263
931212698
331150280
1173453211
433720679
39045347
954261255
1285943562
88586762
370912721
868609060
1065271168
991261815
419211616
336380590
335284450
989232785
1219486059
1233263794
1063588226
671380813
953953895
1019886892
956954030
1170301015
788316312
914810365
696280335
475397111
447906310
989618494
700388555
703896486
797410378
1098529667
1080864200
672682908
352786499
414389283
990292527
